1 500 -3.17
1 1000 -2.49
1 2000 -2.14
1 4000 0.09
2 500 -2.21
2 1000 -2.16
2 2000 -0.58
2 4000 0.79
3 500 -1.46
3 1000 -1.10
3 2000 0.57
3 4000 2.97
4 500 -1.20
4 1000 0.14
4 2000 1.80
4 4000 4.32
5 500 0.41
5 1000 0.43
5 2000 2.47
5 4000 5.84
6 500 1.18
6 1000 1.96
6 2000 4.17
6 4000 7.84
7 500 1.71
7 1000 2.78
7 2000 5.81
7 4000 8.88
8 500 2.87
8 1000 3.45
8 2000 6.42
8 4000 11.09
9 500 3.79
9 1000 4.57
9 2000 6.96
9 4000 11.70
10 500 4.45
10 1000 4.97
10 2000 8.62
10 4000 12.67
12 500 5.94
12 1000 7.49
12 2000 9.93
12 4000 14.90
14 500 7.84
14 1000 8.64
14 2000 12.80
14 4000 17.76
16 500 9.66
16 1000 10.35
16 2000 13.74
16 4000 18.89
18 500 11.70
18 1000 12.26
18 2000 17.24
18 4000 21.64
20 500 11.79
20 1000 13.93
20 2000 16.64
20 4000 22.82
22 500 12.94
22 1000 15.32
22 2000 19.78
22 4000 25.61
24 500 14.67
24 1000 15.79
24 2000 20.88
24 4000 27.61
26 500 15.73
26 1000 17.62
26 2000 21.89
26 4000 28.24
1 500 -2.86
1 1000 -3.22
1 2000 -1.61
1 4000 -1.10
2 500 -3.05
2 1000 -2.32
2 2000 -0.06
2 4000 0.94
3 500 -2.33
3 1000 -1.62
3 2000 1.23
3 4000 2.71
4 500 -1.22
4 1000 -0.19
4 2000 2.83
4 4000 4.59
5 500 -0.06
5 1000 0.60
5 2000 4.30
5 4000 6.32
6 500 0.83
6 1000 2.10
6 2000 5.61
6 4000 7.85
7 500 2.19
7 1000 2.80
7 2000 7.08
7 4000 9.76
8 500 3.29
8 1000 3.83
8 2000 7.86
8 4000 11.40
9 500 3.55
9 1000 4.50
9 2000 8.88
9 4000 13.00
10 500 4.59
10 1000 6.33
10 2000 9.93
10 4000 13.52
12 500 6.68
12 1000 7.39
12 2000 11.28
12 4000 15.83
14 500 7.89
14 1000 9.56
14 2000 13.73
14 4000 17.73
16 500 9.35
16 1000 11.33
16 2000 15.65
16 4000 20.66
18 500 11.65
18 1000 11.94
18 2000 17.27
18 4000 22.94
20 500 12.83
20 1000 13.80
20 2000 18.75
20 4000 25.94
22 500 14.92
22 1000 15.63
22 2000 20.77
22 4000 27.48
24 500 14.86
24 1000 16.85
24 2000 21.71
24 4000 28.77
26 500 17.43
26 1000 18.37
26 2000 23.61
26 4000 29.91
